6857
13242
14058
69355
1009
79446
56093
71461
16929
67850
32037
75666
60865
13259
15697
38799
46067
61506
17236
35354
31634
42657
50275
14038
16791
35795
72960
3513
25721
53497
79241
57188
70305
11316
72119
72861
44992
5566
67846
11373
34563
52740
68159
74922
25635
47629
6832
13845
65326
28289
55538
1669
55303
11472
40510
7195
50864
16335
3487
47129
69876
55937
78954
70775
42405
19068
56773
34149
76717
39005
61874
76700
9337
20250
50809
3836
29000
26698
23081
52597
54587
63744
61562
74834
22878
75942
32472
48543
53916
19170
61013
6838
41168
38328
60542
66519
46173
40483
55134
53619
10888
55928
34774
58778
36590
65371
46844
53081
27715
25341
41740
34366
6424
40228
70276
13559
50886
4297
15986
20445
59801
77444
6474
17124
47386
15441
56875
53152
78094
20868
52137
33943
35288
33115
37265
13062
50296
61015
67970
19814
79645
22680
1152
67796
18868
52173
68278
68329
74659
63968
38237
43760
54700
72377
53674
74791
63297
47191
68288
10024
38905
61339
37186
73064
37083
62867
22221
39220
49092
56880
16715
21689
8762
4490
230
61628
21116
6384
52211
6017
7157
52850
71899
30388
58228
19845
66380
36816
69880
867
939
18124
40139
8578
36531
19974
37368
9386
33075
40126
62842
25035
14631
74262
28512
59894
35531
58277
357
9751
31634
55763
48390
50315
2610
78291
52153
70287
43381
15518
66762
9011
60068
10881
47020
37486
56592
70945
15711
24677
16000
72446
52168
11384
14545
35042
43127
11711
33963
40286
72112
46982
60191
20292
49239
17697
55347
62823
26186
65564
6014
63145
36944
28043
39845
38046
75873
22017
26561
72608
4264
20751
25818
31929
31492
64510
37114
74034
3568
43619
39663
11341
51568
43671
55388
19226
44248
22421
36120
37407
36969
6802
22594
55902
61996
76101
27060
41303
46020
55329
5289
18165
59781
77809
9453
48789
56884
76172
35909
25635
34424
64174
32825
50938
7546
7792
13930
284
29908
4449
52565
17973
32410
8125
43235
57501
72895
64137
24552
75771
49554
49342
53102
66875
67048
24711
37938
42508
20488
37430
5071
7390
4581
43426
32393
51483
287
43856
73409
2503
12569
19466
49922
41990
48664
42409
2726
53175
12586
47325
30477
46815
39098
71354
19584
38076
5268
37624
71280
55872
60760
20973
65686
48587
79548
532
20972
40506
33215
62833
61945
69144
55345
77148
30487
52721
46178
75936
23656
23802
65178
201
46869
37234
62764
27416
79731
8660
66113
3752
73523
20999
37031
55223
77126
35702
70505
15299
36600
68870
64534
74946
9059
62170
39509
14808
77913
6427
10728
1687
7436
35999
47299
15669
76312
39988
18217
22485
29811
45113
69057
28098
36184
65985
41987
76513
27198
39580
13313
41132
1931
75465
27822
28010
31055
52244
8514
70081
13951
56841
15043
22695
24869
66456
50514
51744
7861
24251
8186
34976
18557
72321
56039
71339
79768
23184
40355
3760
18039
33892
59586
15605
41850
75560
8728
40279
71487
38830
45150
55558
75198
60291
23965
39626
57501
7471
11668
78003
18117
5743
6516
3918
59764
64052
8376
50770
38543
45344
4983
11869
33701
75718
62525
69085
6698
49346
2498
56118
23487
37599
23517
78350
30479
39253
75439
78034
5995
19477
62895
49146
30526
54002
19780
56477
67081
38766
74664
20737
25900
48921
52845
51692
57013
67202
18203
46800
43
15147
7483
24317
67281
25029
59725
25693
3022
24993
10189
79010
38310
51479
74093
75219
11192
58421
4928
18559
28001
12691
31828
56271
74703
5150
26441
36410
53331
17410
33472
55184
16367
12970
18891
17164
28117
55923
79611
27272
13602
15741
16632
46683
49323
52828
79007
34291
67277
10648
53380
38187
62601
7160
15743
19120
65992
24715
66282
77952
4271
27005
38941
70247
77730
67188
39362
2189
64680
73551
16756
36780
29026
56354
45038
76191
53994
77242
29624
60429
65390
30677
76415
21469
45270
11925
22685
24887
43140
46366
74259
3360
40186
61938
65559
7886
13400
53474
70582
52717
39712
40785
10556
75888
44257
68922
75178
11252
22236
67531
12031
21009
54061
45012
47349
28330
36898
31556
12850
36628
49631
69886
18903
61194
1127
24369
71918
22703
73014
3132
32681
40868
47883
19350
68896
16661
71669
9366
14399
39098
66683
72213
72583
62000
8547
59368
7834
73490
46302
59737
79874
29287
21288
21799
6577
22016
77757
1426
11834
8892
79449
13114
27362
38247
39317
40521
75625
15402
20662
52442
20409
56113
40940
11115
19693
10449
27351
35740
30770
77001
26302
41363
16358
25648
58450
75630
22483
37951
47974
79433
22070
33489
1368
75466
6975
50182
77331
50124
74359
70301
6160
13391
32203
57004
4278
76365
69371
11721
55946
67394
40941
55615
20669
52998
26585
11972
26571
32094
56267
3248
6396
40646
9229
65979
12165
49465
30370
68422
78040
50566
72692
76932
36517
8024
36206
46059
4895
52250
30258
50524
43331
76440
66188
61983
15576
22500
31590
33577
11517
65988
24734
64850
33818
69902
20890
79280
36351
36436
35113
46577
12109
46051
40970
19543
28605
639
7102
4385
77016
8076
22869
30567
45573
25827
65012
11475
8349
43398
32553
9895
55150
35482
65802
2548
36860
35462
38276
4648
57619
8575
26287
7730
19198
43791
56745
26960
32679
18680
24508
37862
56392
8788
15168
9852
22400
33457
33847
64516
32533
41205
4695
60263
21611
43800
37742
17523
68172
8863
38588
26304
39760
53797
1822
33197
28665
55713
30923
73640
4133
23000
68377
79820
32627
71863
31480
39354
38569
31890
57886
19595
20070
73812
35058
15466
35932
22626
64202
49619
59895
44203
72630
16231
73081
44908
68077
9123
35029
9693
15407
19168
71552
16182
52895
52
27466
36549
78589
412
10582
14706
33868
9584
24229
9406
56474
28252
58640
9095
19612
66472
64066
8906
26362
57739
30341
71246
579
31383
74725
35591
64757
56917
60345
27306
49351
35323
48449
31083
44223
24431
41233
51284
52968
18290
78023
43342
40467
53946
72328
41743
60065
1924
61992
59747
12900
46615
996
67197
13593
74928
19496
56906
60416
35613
48410
65368
30335
45168
10270
36199
14070
50827
58053
65259
10097
43476
49928
47988
71514
12212
41769
30472
61729
5395
31821
28109
71016
21298
67557
58833
14591
43694
51932
24194
43875
2228
49964
31270
76559
66278
68655
73146
23014
16489
53854
14006
42855
41058
63753
38790
79688
62713
24837
57076
15485
28650
74089
56224
77826
71253
14886
34433
2637
1831
15304
41276
52067
75265
23556
33117
77555
3666
54321
31943
78507
46007
28967
77129
58104
74356
28590
6567
37251
20715
121
54353
9352
45147
34824
60956
21573
21307
12597
23404
11546
27901
36867
54967
15232
40318
12348
17675
17861
75352
9262
52778
6609
42119
10640
29823
16767
18400
12168
26304
77176
18354
41307
47972
10021
62720
50232
59789
61240
70769
75238
38071
64937
44660
47950
65341
5358
77876
26593
24597
61105
74078
14278
40243
4572
71913
17488
72781
19213
29161
3386
31211
26272
66272
40570
56608
73429
20843
8081
64558
38755
47319
74449
2101
23563
39220
42788
79243
21990
52152
72520
63367
28382
34112
6188
55045
75600
5742
72544
6400
31874
28113
66388
65186
75985
22263
60809
21082
28711
12530
58860
62097
78568
17176
21025
4949
2377
8918
56575
63987
33703
37027
1356
39205
4675
78707
22366
55574
33249
76562
34919
47412
18859
37677
18157
64960
48631
64238
1977
41399
34148
58374
70381
69225
14939
47448
39321
52631
66531
6160
52217
650
25253
58923
78697
18799
32435
46718
59396
64458
13926
13787
47139
72548
77157
69970
34281
60925
483
24665
15605
27600
11686
13153
17668
40771
18078
43955
36074
72036
42524
69649
40841
54762
68753
2894
57457
58821
7704
60432
67959
72541
47818
67117
18475
1108
20649
1132
38153
12303
60989
5766
35010
40990
63072
51894
73720
47482
48505
13302
22027
13391
69608
35577
1688
41897
4999
9752
48641
50418
17027
54225
35746
14112
64218
56003
61816
2143
43197
49685
28824
70052
27087
40649
58113
46452
64700
18068
50600
15678
14227
24332
61326
18457
20831
13822
75042
9827
51829
17511
50917
37603
47182
32797
55372
70530
74871
75747
5828
32764
1344
6404
4786
39462
74540
77665
53459
74303
25631
44908
11744
15284
8790
60637
45763
51406
4085
78936
39519
72614
33987
46041
1256
46681
18415
49865
63542
3475
37004
10921
15821
15948
25636
36297
62127
64778
72092
2451
7262
36365
15719
79917
33605
65414
13577
31553
36575
51093
40399
50853
26156
78231
54229
16580
43690
15729
37501
42554
69390
21184
14914
15841
66315
23614
57860
29628
47020
62891
57317
51791
14380
26311
24584
32356
9337
54227
27281
37170
35170
63543
24193
53910
37052
70380
38009
69813
15863
20599
19568
64966
3176
30037
78280
40001
65824
12596
68853
58418
69410
39533
4439
18196
46928
58779
1458
6242
11608
60074
49474
8569
52211
13003
22984
56195
73784
31125
33845
12141
32070
14400
45631
55827
58540
68385
12660
76058
32381
37272
55284
12578
49032
27786
67627
58970
21450
23818
48994
22233
29602
52660
35358
70816
75270
78134
10246
42656
34694
59821
78742
4300
6851
44293
69370
24630
47164
42429
62096
1359
47494
5057
29585
35541
21069
55900
41101
68679
57980
6604
65509
14860
33816
16653
64547
34273
54581
65482
69784
8372
34489
13584
3570
32789
26668
32735
38590
59924
33036
8294
36527
26861
65186
21675
64913
72643
77630
28604
42813
18866
11639
34795
29253
31092
55836
10166
22229
34954
31423
62906
36443
78394
6140
31702
47618
50257
71915
8681
59160
54585
28592
1887
4525
346
54564
29888
58928
39010
52979
52298
12936
37766
14
14043
72721
11096
30184
59909
41655
68515
25496
65641
40843
71877
24091
49744
63468
46746
49778
53941
54287
7056
19606
12952
24498
30540
63915
40918
29710
58736
45367
66594
63005
71292
62773
13735
49291
8674
4846
44074
27367
27700
30394
36607
52694
15404
20578
66651
39761
78695
43418
73417
26181
47300
65815
30633
66342
23723
35377
74887
78202
47003
49905
53843
47684
41166
55593
28213
34413
49757
49625
61074
18571
60032
33807
60491
38301
57811
65472
72156
17629
24762
6594
69583
58500
65418
39603
65707
12819
74183
10940
48052
62397
3874
34311
7643
48217
21975
1024
6656
13620
41137
42137
60515
12412
14700
7993
36593
15552
45318
27731
62279
67993
59724
58426
72592
77144
18963
66829
43351
49223
54518
72615
47513
59793
59610
64709
8841
54529
28067
577
39363
9817
49587
6777
41852
21465
68446
4824
680
2420
4404
318
16326
35474
43147
47698
2759
64948
58382
69694
4716
24931
9468
35632
64298
72573
3854
53146
24819
36658
51330
41480
46196
70606
76765
4284
49418
37269
67596
17784
68008
28774
41571
33565
46433
15098
52325
63567
37159
23256
56777
26671
78657
52955
63661
28366
37127
1517
71556
40006
78256
46165
43985
74380
25632
32339
62991
68373
21708
43083
9364
36368
8145
71386
10160
79097
8795
63099
44874
60631
49036
52211
15450
45231
54912
19436
47148
4101
65311
70377
37418
43611
36098
57823
2424
30799
22980
28953
50275
67420
49503
78865
52069
64925
47795
50411
39719
54427
10461
24065
38163
15046
72737
41920
54233
44082
53192
1326
43929
20151
41727
60003
38837
37988
51285
21913
39740
23695
29271
46502
54052
26846
33076
42708
19340
35820
5573
7061
10019
50907
11119
61355
16154
60596
3108
27890
53556
35819
36812
48706
79128
13426
21765
7843
72143
29048
18277
22509
4474
38508
35412
75624
76883
45634
47131
14347
23468
56889
68099
79797
69088
28665
63125
29901
35471
30973
38765
29314
37304
16834
62713
29530
51147
19271
45618
26700
63686
26704
38054
15056
49470
20215
70771
31520
74588
35176
27898
42079
53960
76978
53674
56528
7750
65270
13454
23993
45864
48794
24085
71669
5543
46211
6855
24275
25193
28657
28615
53534
71425
40201
41705
47649
43076
52159
74518
29159
34911
40178
19990
61061
55219
55333
10468
60203
46090
62951
8021
70831
12899
56623
19454
30481
49258
52827
9073
54271
22303
52183
13329
33389
27230
52885
24075
39735
10600
44281
40560
31280
72211
33263
12109
48425
47004
75144
71129
51841
53137
70475
20613
25469
13524
29622
23943
29030
43523
45389
36825
68810
17226
7407
70554
52940
17769
53418
30230
31898
970
21340
18447
43743
18982
23646
19491
45214
63111
67024
68889
75834
9982
48998
51471
77076
17877
77320
24419
57019
63987
1965
12781
14840
68623
2356
33658
74949
40764
22884
29804
56033
52138
33454
38815
31555
38831
75793
11442
61803
75325
43713
67590
6479
52843
61889
42889
14268
30294
51040
32248
74228
44873
72983
64099
36112
69801
76970
26383
21597
62553
9248
36484
58153
58446
79915
5658
19357
28215
77973
71142
2408
5972
32777
49524
16221
74623
36320
43369
70027
1921
7887
19584
40232
65039
9930
59956
8954
40374
9932
20130
27735
65201
40138
54699
19867
58355
18731
65062
21063
16707
61246
63367
75746
58867
67540
68830
71589
68940
6136
71903
13609
35082
65382
14849
53719
21551
63086
24347
67363
8128
64648
32300
49986
57467
32575
12495
64371
45051
47367
29473
77208
28381
32095
378
14722
4580
21386
38724
10182
77636
446
76667
32960
76632
39467
60743
12295
20938
29966
76979
45205
68286
38944
66189
54926
61730
5665
75494
28058
55827
9366
32752
59809
67957
41023
48919
33101
43504
49182
63176
4273
5281
12425
56453
45838
56466
9461
50981
10993
62289
24498
67508
25115
68022
44955
72978
31524
15239
58720
61892
74758
17605
59965
34743
37817
36569
41610
48848
69199
7061
51386
62369
5116
54205
31912
9289
62028
8975
67571
62623
74088
75092
5574
40359
15144
76441
65448
69006
77759
42147
67051
1093
57503
46289
61423
49045
78866
1929
16326
40468
10289
18383
55904
46447
67519
22680
32376
26861
36615
26798
73744
49677
60212
64065
4764
67158
11241
463
49395
18603
63193
10644
24692
11948
38641
38419
52346
76140
19227
75518
24137
30078
9050
44862
25714
38771
36786
4948
73113
39836
52747
7727
69391
15469
59388
16576
29689
43310
38827
73590
29690
68847
36078
58409
9607
52618
60906
69830
63505
51268
67682
27352
31302
4117
59336
20306
10456
60982
74016
3872
21244
32122
24994
60862
5867
38628
63877
57168
62208
1084
39362
47893
79131
54798
57906
23146
68989
41174
46475
55711
42654
37279
15672
73943
9979
32802
18968
44339
28108
28911
56065
44181
74897
9660
28674
43054
79390
18649
44204
19142
54008
68535
5279
58841
39438
75030
51062
63315
18656
46243
9200
22785
27649
53379
77106
49862
51789
27174
28486
68696
14318
44043
53294
64979
165
18965
21552
69779
78908
65025
78351
41578
26268
47205
69198
9251
23548
78511
27340
43543
49206
67761
38004
76367
52257
27219
43114
65141
9854
10616
35456
65871
52179
59295
58731
35371
59893
60045
64325
3238
11945
5558
76046
53922
55115
29492
79718
11961
71826
67373
68114
44048
72802
17651
75271
76716
12720
61859
25664
67233
32182
52665
38579
48073
68100
20811
39613
23310
60779
34039
42094
24277
38944
27107
57101
41921
79791
38487
65019
12666
71035
21859
43202
22042
24813
21418
36367
35156
76543
42211
72569
76863
33787
976
26829
75137
7056
20306
74702
22380
33680
27416
79731
19717
43969
21643
42833
23089
33760
43093
49053
7226
62149
9838
53041
20797
32652
64051
71414
14191
29691
41674
6795
30345
26628
71312
14738
43993
61429
10277
14480
66771
19990
20634
26481
49640
56500
62824
10418
21132
30569
38420
5272
13923
18438
68169
2301
56201
10145
51143
32172
47080
2499
15822
56047
59697
62338
2307
35300
37417
65270
23337
48704
43453
69251
360
16795
44599
79540
1969
46610
44339
62218
2769
77307
8564
63748
52018
52205
27095
76195
1498
32591
42292
48097
58557
39226
78252
42027
45941
44931
13460
75444
56207
78519
35902
17060
48261
33810
68815
13993
17399
50564
75502
25129
76257
17899
43627
59339
79655
3278
64706
5630
36652
46177
71209
76013
2611
77285
11404
13669
64703
79984
73116
76151
51439
78802
9254
15871
38111
78425
29699
41807
31597
44032
34199
16665
18252
53806
21525
22215
17380
72709
7640
5766
70863
47631
59201
47856
69596
45574
15267
74856
40366
6128
22603
50951
51148
43920
44320
1029
19756
65398
71182
32363
51921
41732
59189
40240
52851
42586
52465
37370
62467
25977
50011
50784
54104
34788
78275
22449
54794
10398
11704
23602
78341
25098
32293
75531
32072
38240
39046
44310
8433
33663
21312
70313
34219
62116
25738
63787
65071
20978
44954
51452
40178
44095
78341
41403
60336
41738
45208
31928
35567
45184
15800
31145
4149
41370
36182
77652
51769
64533
42871
44707
76306
2029
36560
70444
9839
4700
78771
14907
39290
11274
69172
29627
30082
8897
23402
16796
8569
62509
19421
64285
18333
36374
37921
61319
25443
33063
63406
69085
20932
27722
25508
64899
38754
51558
40697
63243
10391
70481
48327
54452
7891
49229
8260
20159
23030
45758
48221
77702
49592
61962
21239
25711
22101
57429
31396
32116
30675
38032
59256
68552
34271
72578
12757
45658
51091
11809
64942
18006
19675
38667
28225
72791
37284
50498
44798
21851
25111
52184
52902
64159
76030
57538
64887
3104
70972
78904
12799
30862
49187
69512
2973
29204
1675
43024
7027
73984
12547
40902
38636
44351
49955
59852
9293
46415
42346
48975
19195
35621
52170
78273
75292
16865
74653
20988
79010
72343
75797
15559
37820
36965
69621
39779
54222
66310
5030
22007
64088
14349
34206
32915
44433
16589
60474
6772
42101
51137
48921
52845
22805
55762
79248
79711
16827
49798
6279
62891
15556
6303
42922
37489
43737
73086
2753
23728
6276
35915
40521
41233
22417
3246
28890
68343
43768
49931
26755
39052
3728
68137
18031
38886
12605
42210
4789
44026
46822
50686
36377
79157
10329
37344
12349
48711
59672
72186
47638
70511
57126
73041
1613
16952
16674
19630
38575
55607
32571
32650
2738
49253
23686
47673
17277
75211
57279
67037
9968
35572
69015
27709
69133
4084
50313
65124
14253
18227
12717
68004
18543
43143
66928
5278
14035
24442
26937
75061
32140
11062
66511
2534
61856
21318
60863
74475
34159
5125
33453
56339
49577
215
947
10106
19676
24581
70251
18441
54272
3622
76676
53792
73374
2612
25860
65435
75409
3851
46293
67669
69657
12427
50818
37883
43025
1236
10399
26055
3289
54939
3677
30124
31631
14404
78980
23594
79007
76621
34104
36279
73772
31181
42839
27477
29391
40450
70905
23508
1059
61470
8301
75036
26530
72867
5712
45542
2454
30349
23489
46181
25446
7334
24623
62654
19507
58737
24490
76017
2909
17405
27591
57718
12930
61738
48509
65146
21844
34900
3119
22840
18449
44921
23584
79077
27725
64192
36019
71753
10117
79503
14188
59445
12190
35101
40508
43221
56396
67994
63363
800
27791
45785
32674
13137
59110
22531
75285
7923
51995
8961
11789
59665
898
24190
23272
58274
45130
75381
21129
41860
14831
70287
71372
34224
64278
42544
15362
16327
36734
47057
56368
20776
39413
6375
22182
42129
38180
77206
9903
52441
58007
67696
67262
72771
6605
9869
75335
19694
13812
73167
25555
6368
27635
11899
72961
72220
1794
48253
38781
64386
5115
59603
6232
41273
51088
40852
37689
51102
2851
6376
9839
37635
21305
23205
11365
7068
46080
44629
72608
33941
75862
32192
53659
11801
37898
30385
33038
23386
16582
58960
212
56796
11980
12729
33943
20487
26427
45242
71472
41933
77619
2725
8740
49403
27258
65145
54760
55466
44649
77708
72716
76482
2725
45136
47217
5981
33103
30366
32681
50874
71517
9808
66530
77275
4971
9631
6018
52673
13424
41773
10788
45850
18818
76164
19854
56324
26354
47090
11534
47753
18412
44253
49436
60997
68592
25733
51246
32449
61806
40586
56020
22311
69851
7829
17251
41212
44672
24953
13328
15360
44738
69120
11426
66658
70698
34257
36436
2620
67173
10293
33793
44882
66158
38735
67211
3500
42489
20401
68212
34528
72165
23493
26890
26224
70473
62880
68436
47776
73997
43702
46798
29741
62885
28344
55980
9691
17288
48508
33676
48403
44992
64627
79388
36920
55468
74947
1569
31185
28631
72410
6411
63342
16457
20766
20524
67311
20254
61707
48831
72371
1468
4275
25349
9532
39951
14799
63957
12190
33670
24650
33967
3864
68499
21832
12871
35923
6955
61023
34360
55655
2242
39136
43483
40340
68757
41118
29913
78388
980
53738
60694
11903
13211
15920
18812
55101
79361
63760
8748
66803
5768
21844
25115
67916
36633
1175
45172
18063
57138
66869
79905
6694
70329
30627
68288
45608
74002
51353
42572
78534
16954
33490
26036
31754
42247
55101
730
38274
26598
27546
1265
16345
13053
49242
16749
19525
64531
32103
74821
46644
59210
58776
19543
42521
16268
18087
48357
51954
1628
12915
7539
58529
72296
15597
35729
5198
32268
65190
30069
79541
13924
21440
37404
49391
8761
21482
34769
56173
64728
22061
21794
46729
12037
23829
15285
42572
10469
43233
76136
13463
33487
38721
47808
11578
45915
19230
65071
40900
56263
68120
6157
46990
73407
78151
40655
15862
76881
8743
22330
61710
41847
68999
47961
74183
36855
53308
6641
21739
28785
67779
27988
40955
297
50681
59913
18414
75777
42891
28195
48751
50004
41906
47008
8286
49585
64475
68070
6316
15607
17081
35656
71282
75185
30403
34927
78588
10693
16196
62933
8701
67145
58761
69276
19870
56265
27515
55837
28788
64784
25210
54850
67509
77271
77892
7208
7504
14767
17992
33044
48887
45798
49649
2899
18570
1126
3131
18468
66687
13933
34165
42284
12373
78562
64682
69699
57315
61823
46652
56284
60491
32172
47080
41451
73725
38269
75386
36382
42486
44999
2933
58334
28755
41788
31935
31732
24167
38881
12474
71606
48129
48980
66121
41254
47539
7796
40337
33218
78007
67780
73791
13668
40811
5481
63743
13413
31725
11645
33710
51058
34008
46250
1673
52219
50553
69589
9395
66131
20914
27653
20747
25583
23216
25537
30961
13764
37773
54765
38270
79043
12966
32475
40368
55474
68220
30063
34652
59214
53765
25915
51647
58699
70222
63033
64747
24061
31578
33718
42028
50314
4804
28652
36790
761
5475
71744
75486
25743
78854
32735
48277
52891
58405
60086
74975
49846
76413
51009
51212
15977
58072
34568
5715
10630
2262
2900
12480
47186
72094
77660
31126
73144
8812
77241
33453
57043
67526
28068
29943
48682
42618
76265
17448
71831
40052
42435
41012
62722
58056
69913
8689
159
20634
13435
62522
16558
76954
17831
57591
37259
62364
14374
68892
459
71713
9811
59732
2475
17940
25656
39114
62932
66017
58975
60472
43042
19142
37754
32523
52744
42722
70656
29435
43213
70543
7938
30300
37111
67197
70611
26157
43097
32626
74653
20176
53581
25374
67489
16821
8763
62870
52752
62235
37469
15293
44588
27699
51214
56229
71778
15550
22969
59571
4680
20410
31643
38220
28301
51408
12950
61750
76466
26975
77812
35501
49717
67194
55816
78587
79855
5029
74777
16550
32963
8708
34805
12883
62800
68616
77788
3169
7197
8241
10585
64501
42357
48595
3051
23151
10276
48381
31574
65862
31122
44364
35434
53526
66937
32375
62227
65941
67004
27578
3625
58440
11757
70346
60528
69062
42868
23473
32146
54564
16389
68354
44883
10098
33199
60869
6754
46901
78497
54674
34146
54612
4097
23316
42983
44272
54116
47721
11446
34738
43437
60928
15194
71387
30103
73958
29134
36791
5596
38965
31363
43017
50723
52681
9111
61636
8091
39332
36652
77830
59745
22846
34270
20808
50812
70529
33152
61773
67917
27087
37924
5035
28910
5563
78307
31769
32144
55847
63573
40064
56807
3315
76708
5313
25368
18264
32699
58087
42034
75093
15874
68170
31833
74821
58081
70464
28327
72008
3211
10964
73320
10650
19891
8564
34784
39452
41246
49975
51903
53105
74069
64407
65990
45223
61220
34029
47208
78662
3175
70713
17320
25591
36525
69640
31711
61895
40859
79997
19464
67068
51530
23990
78079
13688
76535
2701
4001
40920
49968
17926
55056
21025
38619
38147
47421
14889
43261
48204
77524
33555
65385
52784
14090
18037
28309
79475
48425
76932
1021
6471
40627
56889
25127
78973
6262
60840
913
53253
33599
43972
50562
61950
29488
51643
27083
51730
54513
4472
45775
50655
13436
76653
26261
24783
10509
30227
6032
29879
11994
39291
22179
30513
61339
62459
24235
59013
7093
33224
48111
15949
64824
25077
55198
38192
18161
57254
11599
73725
14938
30221
35661
59041
36539
36863
35104
73321
71463
27302
54228
52801
76186
21438
30842
61503
51473
70181
15630
72723
37457
42943
10039
18360
40140
27352
74923
12728
55936
34430
52605
24169
73776
1780
3815
15319
57595
44556
76441
15084
15561
10924
38647
22389
27762
28847
38578
65829
21685
31873
1508
71262
18684
77219
43730
69068
26188
42759
57187
40567
67786
65339
14595
38753
21631
52041
70901
26891
50996
55454
19762
20242
11608
11104
14115
7158
71077
41393
64738
10089
50090
30188
37280
71784
26494
7636
35888
51419
65756
68595
72536
16411
56032
11046
66993
32449
70759
20539
44051
26795
28344
39684
59363
37208
55553
65262
8603
16648
75629
568
29323
6870
39197
2521
49465
58180
61900
21574
70848
17409
44282
22838
56995
18657
45375
5422
78417
68586
79866
16021
41560
16035
51259
72896
74383
10730
70378
5766
26090
9856
12536
64287
35657
43794
6924
68805
30652
66303
41696
75598
20690
34838
11369
61855
25447
72323
37162
37569
15036
75164
856
17240
35662
25061
66915
15808
20627
32585
35242
64197
69912
49943
73274
143
19112
15105
67565
64471
69427
44328
73163
12095
38409
30336
12495
50180
41415
4326
21762
8973
13603
41439
71258
41218
60014
20175
26845
7175
33922
20963
38324
5935
64963
40010
65528
35939
51347
41962
32397
57101
5951
42185
43543
65562
3619
66850
9018
39260
13217
74639
58262
61659
75662
25813
45312
41605
8573
26788
34851
35470
32205
68209
43037
72536
73890
19435
31262
14280
22770
38201
68296
10113
76739
6147
64602
9477
31236
43099
53105
33947
29710
8374
16493
14357
75544
3958
77269
37578
41543
39761
78695
6882
9833
49011
49480
55352
77059
9971
54935
60167
71613
29477
61813
73134
78503
58244
63326
30174
27316
48864
51165
52336
75557
54259
19866
26524
32130
59263
12046
41580
20561
46573
30661
6456
70672
6015
63246
34805
1
44931
74188
78744
63261
64778
11617
49533
5041
20839
65852
5310
41697
7000
27904
18898
58483
12409
10059
30171
20793
56082
61578
73501
9694
58259
28045
49928
75854
77628
17895
31662
70878
15515
38911
57318
35466
62063
73150
26340
69111
6666
55390
55016
62334
38320
13966
21291
15019
43593
35381
79918
21577
40449
10829
70629
1677
12019
5901
25929
6375
14293
26241
15204
47909
78641
17951
64160
33302
61186
79789
9589
57890
23231
54602
18638
55450
71336
72612
41977
32011
64601
51361
78166
9702
63851
2702
22834
4368
54265
33428
21944
64162
2053
40871
67174
75705
40247
64077
36122
57304
19641
27062
16033
11550
51440
65960
179
51301
4083
52882
47206
72599
74738
53641
54700
65702
67760
6591
25424
19044
41105
19718
59269
29285
76537
27465
15927
47143
16873
38828
57836
75265
12887
25414
6641
14737
65584
1480
66997
9489
25891
9572
18599
77676
7000
72660
31479
5331
8353
63416
70775
39958
1271
50321
2425
25942
29415
53936
47572
74494
26
64305
17493
19611
44875
77491
38625
68308
3250
29303
31450
50017
56863
21108
49044
8329
33009
54314
11962
48064
76218
62653
21578
41230
63619
22234
8859
64567
10929
22599
46128
78502
7670
35980
67261
5835
79229
5385
76854
14386
28280
25610
30280
41672
1251
37100
4719
12766
50333
11177
30045
77947
41981
74162
7650
55906
23704
66082
42506
56671
51061
55430
41110
78694
62115
16959
47382
48473
61538
2767
49353
24909
29781
18273
60157
52982
71446
56229
66109
472
6784
5191
31932
79403
5925
38792
45173
56921
40301
41333
46981
75383
10669
2444
33169
12503
56953
61451
62718
34330
63055
79813
71939
1293
33164
32282
54584
64442
79223
22305
32008
10153
67832
8617
33643
386
68725
56912
9907
19941
32158
66809
15571
70588
32305
53932
7194
18629
51177
36473
66224
5080
15434
60968
76381
17979
68822
36337
63378
47107
8185
26587
71041
28143
36370
43098
2503
58520
23602
59606
10181
21540
51772
3774
47463
58044
64580
19223
71661
34565
54725
21677
70863
76138
74505
23972
34523
26852
37491
34230
70915
24100
34464
42635
6613
18828
42513
74304
18392
32066
30444
60573
74602
21923
67751
2294
64358
42818
34309
77983
57873
59775
1142
44919
34005
74158
5516
68507
36998
32731
69537
50433
14995
68142
4378
38246
55656
62671
31714
26730
71413
43145
57522
27975
79701
22352
35789
23041
74067
67485
68044
44380
68044
15570
38884
8718
58768
42751
62060
34069
55953
5193
61683
2841
41806
536
38665
26092
41197
7259
66837
39360
75894
41167
17890
64720
66972
77284
12597
60836
52472
63691
76204
10823
39500
6603
13496
7047
79847
26683
43106
4716
18264
15970
43090
17474
35050
17712
79145
45611
55404
309
54593
43138
61564
35172
73368
28428
63798
20793
9605
6128
19130
27531
2409
17876
39189
49153
59099
2660
25203
43217
61039
34876
47707
2274
45551
3571
41860
25405
35046
6295
71678
11913
39418
26816
40734
56311
16504
75555
31666
61538
61938
78524
79010
66920
75902
25479
37942
27471
59765
76303
8277
49694
75244
75534
53480
66816
52959
36220
60972
24907
27473
44322
50961
12227
64413
2769
32863
79016
35076
74687
3901
69802
52338
79682
68255
74499
8702
60299
39900
73929
2625
5215
6449
76981
54499
69491
20087
65753
16003
26091
13424
20872
21880
13167
26217
19778
62662
56651
77298
7199
8937
76567
6570
45369
33174
77058
70474
14923
67999
40589
30796
56300
20460
14505
26750
33564
58419
26892
1404
70055
64502
7286
29763
22557
57073
36499
72757
58683
20941
31063
75771
22353
54739
17610
51182
43769
74109
18577
64628
67864
38043
10433
42890
16403
35030
14204
27762
15045
10234
51726
60455
19754
76014
1735
30585
1516
31566
3489
37504
29258
46625
32480
50506
43586
45970
55743
47013
49047
45652
41925
57172
24838
35162
15083
54981
58217
72727
29466
2415
5425
61058
68803
27988
66336
7088
26695
36735
30692
54672
44584
3956
17003
9706
65147
10152
79243
16454
52251
34662
76747
21998
31595
4889
53791
64493
54561
78511
6065
74829
53771
66494
14936
31144
54043
74222
68068
73568
70089
8651
28343
5001
17422
23891
59080
78190
17280
47794
9457
36865
16855
73602
62721
2365
74148
32927
14166
49046
6324
42862
15235
36057
8707
34685
48259
65312
62460
78367
11944
64282
30664
16415
67822
27214
44334
48571
14457
35978
77680
43368
34903
61821
65575
74798
27005
40456
19690
13628
51473
33705
52110
5301
16138
11751
38697
28991
60799
38864
46213
58540
68385
54364
74595
34635
40370
11596
57828
18466
76289
53718
27957
69452
44219
13690
61509
26724
73099
35729
49354
58189
63270
47084
59681
66733
44658
70236
46544
60445
6825
26867
43037
72536
64996
66964
5978
43590
27728
31732
8488
71287
25009
24689
69702
3086
8459
16901
60610
18540
44719
52092
10693
25337
56002
34566
39532
27040
56572
16255
29618
21972
19199
69722
9404
11136
32653
44778
9470
24339
31934
39455
3080
3242
38699
47895
39818
48831
10631
16162
57848
58647
6330
75498
16068
24307
2066
5539
21116
61277
76774
28347
70601
7275
34257
26509
7653
66782
22322
64593
45236
53336
8866
32360
18866
21366
15104
16738
32899
58363
64890
41102
66254
41918
32522
47922
41327
9351
4358
4362
73861
37508
68859
3055
57989
23068
63849
5751
66350
37012
42834
25159
59369
40648
51971
43856
32698
58199
15812
45486
67245
47657
69855
5389
77674
3439
13515
43050
44915
1797
3682
18652
39609
71236
51706
54549
44606
62589
23908
43452
50135
5278
13666
76590
4458
71564
67626
75613
13723
69624
55624
74722
27128
69424
51666
17203
30658
29995
65052
11516
42146
58123
31356
33331
18668
65748
54459
75818
23216
57029
44851
68064
16812
43187
60897
25141
36587
802
36086
9743
24347
44055
53663
100
56599
28465
54193
4006
6672
45425
50565
59721
15961
77178
41517
57804
29693
3305
43611
37181
6019
31085
27162
48332
62454
72612
33932
61294
13
5060
52806
298
51686
475
8087
22448
68570
76578
25736
55022
33160
66675
40707
49053
21390
41500
36894
28333
46695
14970
65497
42247
44431
26676
73851
27892
47591
77267
15347
3802
69735
3539
9996
7891
77037
9219
72645
36738
57605
39999
65877
2840
31885
4657
24294
45761
55070
5807
65800
77072
22745
54837
49563
22856
35391
73774
4442
8106
41934
43109
1613
31542
9432
79067
11446
34007
39323
40442
30188
39745
48344
64709
2104
62623
15759
47451
20958
46019
41246
79649
1419
54579
46718
19166
30511
37320
9283
29236
58981
66718
27536
79003
764
58014
41332
45283
6265
46864
65796
39405
16362
41775
39996
11556
51792
28649
71196
32163
62336
31878
41801
10703
24890
9943
11458
26617
40611
44897
58386
29712
56517
58970
2935
56148
8773
61763
25071
67303
50847
78935
8492
29173
8091
38052
55043
31406
56452
23705
66331
39205
51695
5445
57898
7151
10541
20833
78299
74371
51597
71875
79644
38014
19491
20440
5876
2012
3600
9704
6659
11429
21933
40019
47374
17109
66693
45453
64852
36824
71435
63176
63972
3476
43035
8759
9595
75115
17917
63351
19481
11806
57287
46641
24597
43524
10317
22009
47994
62534
2066
8363
8169
16328
12815
39865
16355
23861
74733
789
77212
37878
73735
38275
61418
55156
72812
5951
42185
78149
18050
27412
6939
56146
47809
59912
41101
55218
13792
17268
15814
63066
39559
41312
8998
15808
22660
42263
39867
5884
35781
31820
65700
20882
61859
14034
21907
32511
38040
41749
55681
60242
32046
75939
37898
39965
30521
43553
50459
12645
36747
32158
65115
47192
34336
49443
54052
22108
47523
34438
40823
52977
61632
1530
40540
29912
45781
39455
16755
57653
21816
45221
1418
25727
60000
2866
22945
65630
72250
24387
58496
61993
8350
74635
35724
60013
9245
30887
27519
8358
61930
51122
47517
78694
5837
11796
49497
72378
33611
61082
54728
39323
42678
49099
59381
61307
74704
43665
73092
22499
42550
5169
39747
48823
4050
77193
1037
25710
4236
10421
17354
65287
79091
6437
36070
24232
70576
63088
23786
67835
7024
33882
33265
13916
66772
73446
76575
54655
3243
76149
38062
33194
218
57501
29797
361
33274
3715
17681
46809
75696
77813
2973
45876
69791
23795
77898
13504
14845
41461
61983
46963
54388
36724
61916
32410
77536
60692
62333
64172
8461
77904
23915
35857
22189
25272
6722
74821
39610
41906
56667
63162
34685
68220
72138
69009
77973
716
26013
64798
6168
26619
55734
34275
59122
68507
78110
4339
21217
58943
42323
1595
73984
1131
75181
27933
7391
19882
22328
26695
2547
63734
34930
43135
9775
52004
23435
26911
4367
66934
30616
34277
35277
9913
42480
48466
42547
49450
47761
70125
3518
11561
49216
52362
17713
51757
542
7669
10585
78305
4794
52752
16361
32396
27241
35220
39139
7620
35514
9323
66428
7499
30709
34588
73479
11603
69582
40560
67476
56631
30605
43983
45020
64464
46594
47676
62218
20062
76019
49935
55545
78570
10360
32126
62093
67414
1161
16367
12073
31099
39995
79330
47064
23479
25129
39661
39378
69585
46599
62597
47579
67172
43239
31872
68076
62322
76541
71252
30232
37516
34647
63679
26590
24830
61441
26739
68928
1516
46534
6636
34852
32533
41205
14812
55843
30908
39722
64559
64804
5707
74449
3200
57483
74224
78288
28793
30249
74953
17045
49853
34381
61041
38179
55171
25460
61059
12593
42288
6792
40154
16623
59605
59293
47029
57940
38525
46598
71238
71552
24914
49760
23461
50494
61245
12575
35646
60151
63076
1286
5712
11590
17809
20725
60373
28502
61331
377
68801
47197
62646
18372
74504
26640
62926
56997
32201
38356
33140
72683
12637
73164
7598
68772
27919
37442
59119
59600
22966
74387
43543
65562
7864
21784
39560
28355
76628
13394
69279
40996
12347
16896
42156
75130
30322
37059
11514
77926
23090
77064
13782
27370
34681
10686
47537
25533
26972
64837
8050
60660
19689
53763
23412
30428
4898
41656
8583
40651
25476
36904
35567
60352
21275
32874
32505
72477
77096
3521
45922
3290
31085
10049
36426
27968
31559
34477
35920
46327
41030
53586
60795
75154
16279
38609
35773
51051
1167
13247
14570
27112
67231
19140
23884
59364
11946
56618
2823
32452
42092
75290
13060
16731
18721
13587
41437
13695
17978
16546
64653
71923
19112
28388
75870
54489
41971
5104
70590
4741
48600
24904
55435
30898
72991
75650
2032
40448
27888
50272
32475
26768
73713
22135
38540
33759
67983
23865
50003
35567
65897
28060
39257
3362
29121
58945
5534
54249
37674
40369
45448
70327
41665
58389
22180
43147
16182
52294
374
20383
22317
26685
4311
74367
963
46082
33422
59884
62480
78395
15887
37240
7074
17779
5880
14155
78409
41082
75857
46005
73915
11886
20519
67693
17265
61934
19983
45746
22939
50988
48867
70895
50932
59941
58843
77757
77954
70549
25542
19750
70421
18807
47478
19810
76935
28556
40662
54834
14158
21962
29784
56128
69907
74927
12341
48294
34738
62760
63682
38630
44318
26765
56589
113
40183
8689
53104
31152
72700
27415
57765
77906
6737
36185
27839
53114
30696
14487
35928
45295
35189
59473
27339
61870
574
46642
25952
42196
54711
76304
13978
41444
3223
12648
12712
55230
60631
22033
17700
69141
25519
28962
3055
57989
1654
65534
31600
54265
48501
57564
26100
30854
22802
57379
14682
73865
20131
24290
39681
42642
63956
56644
63623
38727
63239
19485
22528
31332
57005
32150
49080
40980
72094
23586
36840
13735
14616
62715
6808
12480
2532
3786
64585
19161
44081
52389
74327
17422
72411
55221
67571
14195
74460
24777
52742
59054
419
22655
33022
73183
69262
5401
72225
57788
4845
17466
65483
67168
765
7719
8757
28843
70202
73192
19910
56715
33635
38379
71083
6131
49720
20044
59705
22149
17142
76752
23366
65152
53206
53300
11859
3442
10727
21513
39783
48690
56859
66441
6285
71172
20417
52756
44574
75217
27447
41974
41510
20825
48344
67727
71399
64291
43602
51553
923
66062
23032
59308
59110
21050
27405
73887
39847
37243
60126
362
50861
17171
26064
77933
33806
49531
16689
48917
16917
19078
60871
64785
26504
76065
59297
69970
14755
43254
19680
42762
26255
79538
43621
64458
11875
34812
24888
39531
44172
5070
59459
22213
57616
5957
41963
76180
46571
25596
48170
11975
13192
36669
71972
27597
36651
9142
22680
59916
55890
36461
61750
19886
72577
915
30012
9971
54935
5937
36354
75492
53053
69466
19419
78953
38255
60628
47225
68701
67969
79474
14185
58378
38464
68288
25926
33250
4995
50850
8702
46563
26923
72470
50100
73340
7225
55746
32398
35569
21699
58083
20255
64891
11623
47427
24521
29411
25922
62108
68582
4620
49754
56682
31684
37462
77622
67860
11086
62596
23290
33326
42107
69853
75886
21479
43148
56589
60548
66313
77233
31806
64586
43507
33891
36790
67514
77744
112
73415
21327
36298
29882
62712
4891
61116
7744
18730
14043
39765
39696
57565
46514
69454
31468
78987
3364
75360
32756
74720
39129
79702
59043
79508
5974
72252
51252
75221
43418
73182
32291
52693
66336
71773
75263
16593
36597
39081
23604
46644
21184
78498
28672
41562
56347
65052
1495
54873
60310
37576
52853
7000
65720
7018
34410
64774
33449
36408
2434
77883
22868
25136
9573
61992
44616
36349
55036
65750
7517
14597
28988
51853
36053
23450
52506
5504
29324
33878
53288
73205
20285
35642
332
78186
59945
2754
31529
30889
68226
21486
67477
54690
66298
29328
36959
30083
72541
867
39810
33385
61327
22958
51261
37804
63348
49982
75537
30460
40297
34555
66634
36346
37906
5975
27681
48874
51987
57927
22300
55951
1010
70215
7613
11981
18882
34735
51744
60992
79960
30424
42872
13635
44392
36519
25855
45004
16657
63986
21964
68616
7102
51162
60417
27343
56028
48304
14081
46872
17554
71051
11839
35898
20609
32881
34172
13719
24438
36174
57462
43478
75348
1257
28310
22466
50290
47548
18080
78803
32056
37813
65953
2818
43300
8184
62285
29899
48349
31336
72892
7479
62154
6936
65191
21032
58195
13126
22329
6513
34893
16981
5578
39684
18085
74638
5005
47332
65363
66299
54732
59770
74480
78966
9107
24750
9158
78788
50406
52780
76592
77020
8060
25921
31434
59125
39697
71968
2922
66471
37037
66299
42515
67790
44388
53304
62427
63608
53929
66356
70916
34134
50538
10859
49338
29587
37917
8872
66108
66752
13922
59387
19051
23322
50340
9695
23521
21029
35143
54308
35614
41766
34968
56524
73864
48359
62974
74648
30117
31780
76169
16454
28586
6713
50997
34491
58562
22640
54732
22973
34751
77208
12361
30749
79044
21304
34505
73417
21350
46735
56873
78929
39361
43562
2521
36505
785
65428
3494
22192
3678
15424
74642
30749
42908
35440
6436
55814
30861
66989
20175
75579
35784
61180
35001
65678
23359
33371
8173
14772
885
79147
11110
76484
37919
5564
67835
61739
69165
24478
65409
3662
79174
34617
74395
2885
70524
7254
44822
38476
12662
31287
48690
79954
1060
27847
56413
11878
69677
13406
39963
14850
56777
61656
57794
59281
3209
60639
58061
68165
66748
56931
62879
5295
18095
22252
62660
40798
54487
53416
59623
78546
75478
3573
26772
56888
64524
9075
38151
9681
43802
27328
39757
38415
39140
76102
44975
73232
3762
66828
22837
34421
40679
20640
58804
2092
71900
2695
25086
35163
64142
24211
77888
11467
41881
41250
41650
76817
58329
61397
8433
23108
28789
69873
70934
22980
35271
52121
58984
69157
35865
38694
27500
38
71639
45434
55333
7669
76431
33391
74666
17015
49698
50530
69063
14229
36842
68122
49699
6393
29976
27609
13343
74709
12852
78025
9825
13821
38735
64638
27930
65185
56588
12755
33052
54405
45230
58212
19978
79174
25339
72417
38610
72554
24287
48648
12997
71853
4643
12955
15630
21929
63921
1689
46562
26447
42541
28739
43445
49745
40475
53097
2857
53664
25859
13901
73085
54619
16396
69428
64126
58321
77380
44523
68920
54167
25812
40971
47249
11484
67559
28426
41352
7590
19772
3153
40666
217
25034
16198
56393
54838
60413
57224
78844
26040
42044
18467
44491
5624
51148
6798
77324
24305
75221
2763
12016
24339
40866
1035
55050
3659
26500
2228
73059
6454
32837
12239
53780
59193
10944
35798
4531
22251
3542
43364
79187
23772
48075
15707
16257
46487
61908
9188
73074
10119
28154
13339
24994
14480
47561
61158
62808
19567
63377
63560
42388
57321
1126
51334
34776
64019
25253
31507
11285
16570
11709
10775
22698
33437
45299
78365
66690
77105
35966
5928
64296
46476
61742
3956
23393
33634
63384
31520
13911
53573
10522
16929
58016
74956
40696
37873
71365
6667
67140
21313
28069
79601
35736
17721
74301
65694
35487
23771
47228
37560
65360
43026
79348
70283
76980
3408
12575
15611
40802
47173
56245
35158
78206
1876
40045
64684
73890
8076
41806
23475
47205
63528
59851
73820
48627
209
1761
6316
21694
33781
11750
29115
22669
35959
48894
10326
39606
52899
10348
20250
21524
59229
24232
32823
21795
19583
75177
32432
39577
68812
11485
21842
15896
26812
10860
45745
7597
21630
14817
55472
52119
57194
46007
40484
67874
58097
62588
77248
78073
30442
39430
9923
59713
6513
69755
20219
25055
36029
54637
47325
53622
54916
66423
78919
20076
43264
1950
45237
10242
11274
52309
54358
3032
77472
4883
22562
2071
54657
42060
71717
62399
65383
54732
60621
19654
22090
44356
35527
76451
6703
